camera_matrix:
- - 4774.303581887902
  - 0.0
  - 3035.187050047678
- - 0.0
  - 4783.445386301848
  - 1898.039873631213
- - 0.0
  - 0.0
  - 1.0
dist_coeff:
- - -0.17870896128513594
  - 0.18257641102811809
  - -0.003468665983755912
  - 0.0009259817197697488
  - -0.07466736050753221
