camera_matrix:
- - 4836.686422956532
  - 0.0
  - 3048.0772450525237
- - 0.0
  - 4836.1744470616495
  - 1949.484101001438
- - 0.0
  - 0.0
  - 1.0
dist_coeff:
- - -0.19915906306910786
  - 0.23650902080958575
  - -0.0023321795601641167
  - 0.0007178765876595195
  - -0.1347534970639038
