# D = [-1.6481773912419562, 0.34121278872504873, -0.0016767521769502371, -0.0006366193492163823, -0.1106961567789108, -1.481493019487634, 0.0, 0.0]
# K = [788.8310780788479, 0.0, 492.3948958882857, 0.0, 793.7114069817446, 314.1797790331058, 0.0, 0.0, 1.0]
# R = [1.0, 0.0, 0.0, 0.0, 1.0, 0.0, 0.0, 0.0, 1.0]
# P = [763.9222412109375, 0.0, 489.8603215732437, 0.0, 0.0, 773.3057250976562, 313.18344979698304, 0.0, 0.0, 0.0, 1.0, 0.0]
# None
# # oST version 5.0 parameters


# [image]

# width
# 960

# height
# 640

# [narrow_stereo]

# camera matrix
# 788.831078 0.000000 492.394896
# 0.000000 793.711407 314.179779
# 0.000000 0.000000 1.000000

# distortion
# -1.648177 0.341213 -0.001677 -0.000637 -0.110696 -1.481493 0.000000 0.000000

# rectification
# 1.000000 0.000000 0.000000
# 0.000000 1.000000 0.000000
# 0.000000 0.000000 1.000000

# projection
# 763.922241 0.000000 489.860322 0.000000
# 0.000000 773.305725 313.183450 0.000000
# 0.000000 0.000000 1.000000 0.000000

image_width: 960
image_height: 640
camera_name: prosilica
camera_matrix:
  rows: 3
  cols: 3
  data: [788.831078, 0, 492.394896, 0, 793.711407, 314.179779, 0, 0, 1]
distortion_model: plumb_bob
distortion_coefficients:
  rows: 1
  cols: 6
  data: [-1.648177, 0.341213, -0.001677, -0.000637, -0.110696, -1.481493]
rectification_matrix:
  rows: 3
  cols: 3
  data: [1, 0, 0, 0, 1, 0, 0, 0, 1]
projection_matrix:
  rows: 3
  cols: 4
  data: [763.922241, 0, 489.860322, 0, 0, 773.305725, 313.183450, 0, 0, 0, 1, 0]